{
  "asset": {
    "version": "2.0",
    "generator": "THREE.GLTFExporter"
  },
  "scenes": [
    {
      "nodes": [
        259
      ],
      "name": "AuxScene"
    }
  ],
  "scene": 0,
  "nodes": [
    {
      "matrix": [
        -0.023271148812525688,
        -0.00033600811657633767,
        0.023352751180467823,
        0,
        0.0018393278632533132,
        -0.03860948000546457,
        0.0012773729969693102,
        0,
        0.030453298457282157,
        0.002455952003376505,
        0.030382221545786337,
        0,
        -0.09596997,
        0.9923172,
        0.5055445,
        1
      ],
      "name": "SketchUp.007",
      "mesh": 0
    },
    {
      "matrix": [
        -0.023271148812525688,
        -0.00033600811657633767,
        0.023352751180467823,
        0,
        0.0018393278632533132,
        -0.03860948000546457,
        0.0012773729969693102,
        0,
        0.030453298457282157,
        0.002455952003376505,
        0.030382221545786337,
        0,
        -0.09596997,
        0.9923172,
        0.5055445,
        1
      ],
      "name": "SketchUp.005",
      "mesh": 1
    },
    {
      "matrix": [
        -0.023271148812525688,
        -0.00033600811657633767,
        0.023352751180467823,
        0,
        0.0018393278632533132,
        -0.03860948000546457,
        0.0012773729969693102,
        0,
        0.030453298457282157,
        0.002455952003376505,
        0.030382221545786337,
        0,
        -0.09596997,
        0.9923172,
        0.5055445,
        1
      ],
      "name": "SketchUp.004",
      "mesh": 2
    },
    {
      "matrix": [
        -0.023271148812525688,
        -0.00033600811657633767,
        0.023352751180467823,
        0,
        0.0018393278632533132,
        -0.03860948000546457,
        0.0012773729969693102,
        0,
        0.030453298457282157,
        0.002455952003376505,
        0.030382221545786337,
        0,
        -0.09596997,
        0.9923172,
        0.5055445,
        1
      ],
      "name": "SketchUp.002",
      "mesh": 3
    },
    {
      "matrix": [
        -0.9043286099302689,
        -0.4268370534849307,
        -1.467594633598846e-7,
        0,
        0.05033896651506171,
        -0.10665220094551074,
        0.9930211911768445,
        0,
        -0.4238582724495384,
        0.8980175088231566,
        0.11793518912422062,
        0,
        -6.904745,
        19.95304,
        6.517315,
        1
      ],
      "name": "skp_camera_Last_Saved_SketchUp_View.001",
      "camera": 0
    },
    {
      "matrix": [
        1.0000000000000002,
        3.46944588900347e-17,
        -1.490115e-8,
        0,
        3.46944597172153e-17,
        1,
        4.656615e-9,
        0,
        1.4901149999999994e-8,
        -4.656615e-9,
        0.9999999999999999,
        0,
        3.620477,
        8.749239,
        1.668996,
        1
      ],
      "name": "group_0",
      "mesh": 4
    },
    {
      "matrix": [
        1.0000000000000002,
        3.46944588900347e-17,
        -1.490115e-8,
        0,
        3.46944597172153e-17,
        1,
        4.656615e-9,
        0,
        1.4901149999999994e-8,
        -4.656615e-9,
        0.9999999999999999,
        0,
        3.620477,
        8.749239,
        1.668996,
        1
      ],
      "name": "group_0.001",
      "mesh": 5
    },
    {
      "matrix": [
        1.0000000000000002,
        3.46944588900347e-17,
        -1.490115e-8,
        0,
        3.46944597172153e-17,
        1,
        4.656615e-9,
        0,
        1.4901149999999994e-8,
        -4.656615e-9,
        0.9999999999999999,
        0,
        3.620477,
        8.749239,
        1.668996,
        1
      ],
      "name": "group_0.002",
      "mesh": 6
    },
    {
      "matrix": [
        0.9999999999999973,
        -9.313252497999187e-10,
        8.940679999739759e-8,
        0,
        -9.31324750200083e-10,
        -0.9999999999999996,
        -5.58794004163336e-9,
        0,
        -8.940680000260226e-8,
        -5.587939958366612e-9,
        1.000000000000003,
        0,
        3.620478,
        5.837343,
        1.668997,
        1
      ],
      "name": "group_1",
      "mesh": 7
    },
    {
      "matrix": [
        0.9999999999999973,
        -9.313252497999187e-10,
        8.940679999739759e-8,
        0,
        -9.31324750200083e-10,
        -0.9999999999999996,
        -5.58794004163336e-9,
        0,
        -8.940680000260226e-8,
        -5.587939958366612e-9,
        1.000000000000003,
        0,
        3.620478,
        5.837343,
        1.668997,
        1
      ],
      "name": "group_1.001",
      "mesh": 8
    },
    {
      "matrix": [
        0.9999999999999973,
        -9.313252497999187e-10,
        8.940679999739759e-8,
        0,
        -9.31324750200083e-10,
        -0.9999999999999996,
        -5.58794004163336e-9,
        0,
        -8.940680000260226e-8,
        -5.587939958366612e-9,
        1.000000000000003,
        0,
        3.620478,
        5.837343,
        1.668997,
        1
      ],
      "name": "group_1.002",
      "mesh": 9
    },
    {
      "matrix": [
        0.970141090127793,
        -0.0017557079641005275,
        0.24253533946721587,
        0,
        0.00516193103589938,
        0.9998969000571937,
        -0.013409486876272771,
        0,
        -0.24248676053278376,
        0.01426104312372716,
        0.9700500098197977,
        0,
        3.148503,
        8.866953,
        1.594985,
        1
      ],
      "name": "group_2",
      "mesh": 10
    },
    {
      "matrix": [
        0.970141090127793,
        -0.0017557079641005275,
        0.24253533946721587,
        0,
        0.00516193103589938,
        0.9998969000571937,
        -0.013409486876272771,
        0,
        -0.24248676053278376,
        0.01426104312372716,
        0.9700500098197977,
        0,
        3.148503,
        8.866953,
        1.594985,
        1
      ],
      "name": "group_2.001",
      "mesh": 11
    },
    {
      "matrix": [
        0.970141090127793,
        -0.0017557079641005275,
        0.24253533946721587,
        0,
        0.00516193103589938,
        0.9998969000571937,
        -0.013409486876272771,
        0,
        -0.24248676053278376,
        0.01426104312372716,
        0.9700500098197977,
        0,
        3.148503,
        8.866953,
        1.594985,
        1
      ],
      "name": "group_2.002",
      "mesh": 12
    },
    {
      "matrix": [
        0.970141090127793,
        -0.0017557079641005275,
        0.24253533946721587,
        0,
        0.00516193103589938,
        0.9998969000571937,
        -0.013409486876272771,
        0,
        -0.24248676053278376,
        0.01426104312372716,
        0.9700500098197977,
        0,
        3.148503,
        8.866953,
        1.594985,
        1
      ],
      "name": "group_2.003",
      "mesh": 13
    },
    {
      "matrix": [
        0.970141090127793,
        -0.0017557079641005275,
        0.24253533946721587,
        0,
        0.00516193103589938,
        0.9998969000571937,
        -0.013409486876272771,
        0,
        -0.24248676053278376,
        0.01426104312372716,
        0.9700500098197977,
        0,
        3.148503,
        8.866953,
        1.594985,
        1
      ],
      "name": "group_2.004",
      "mesh": 14
    },
    {
      "matrix": [
        0.970141090127793,
        -0.0017557079641005275,
        0.24253533946721587,
        0,
        0.00516193103589938,
        0.9998969000571937,
        -0.013409486876272771,
        0,
        -0.24248676053278376,
        0.01426104312372716,
        0.9700500098197977,
        0,
        3.148503,
        8.866953,
        1.594985,
        1
      ],
      "name": "group_2.005",
      "mesh": 15
    },
    {
      "matrix": [
        0.970141090127793,
        -0.0017557079641005275,
        0.24253533946721587,
        0,
        0.00516193103589938,
        0.9998969000571937,
        -0.013409486876272771,
        0,
        -0.24248676053278376,
        0.01426104312372716,
        0.9700500098197977,
        0,
        3.148503,
        8.866953,
        1.594985,
        1
      ],
      "name": "group_2.006",
      "mesh": 16
    },
    {
      "matrix": [
        0.970141090127793,
        -0.0017557079641005275,
        0.24253533946721587,
        0,
        0.00516193103589938,
        0.9998969000571937,
        -0.013409486876272771,
        0,
        -0.24248676053278376,
        0.01426104312372716,
        0.9700500098197977,
        0,
        3.148503,
        8.866953,
        1.594985,
        1
      ],
      "name": "group_2.007",
      "mesh": 17
    },
    {
      "matrix": [
        0.970141090127793,
        -0.0017557079641005275,
        0.24253533946721587,
        0,
        0.00516193103589938,
        0.9998969000571937,
        -0.013409486876272771,
        0,
        -0.24248676053278376,
        0.01426104312372716,
        0.9700500098197977,
        0,
        3.148503,
        8.866953,
        1.594985,
        1
      ],
      "name": "group_2.008",
      "mesh": 18
    },
    {
      "matrix": [
        0.970141090127793,
        -0.0017557079641005275,
        0.24253533946721587,
        0,
        0.00516193103589938,
        0.9998969000571937,
        -0.013409486876272771,
        0,
        -0.24248676053278376,
        0.01426104312372716,
        0.9700500098197977,
        0,
        3.22489,
        5.501228,
        1.614081,
        1
      ],
      "name": "group_3",
      "mesh": 19
    },
    {
      "matrix": [
        0.970141090127793,
        -0.0017557079641005275,
        0.24253533946721587,
        0,
        0.00516193103589938,
        0.9998969000571937,
        -0.013409486876272771,
        0,
        -0.24248676053278376,
        0.01426104312372716,
        0.9700500098197977,
        0,
        3.22489,
        5.501228,
        1.614081,
        1
      ],
      "name": "group_3.001",
      "mesh": 20
    },
    {
      "matrix": [
        0.970141090127793,
        -0.0017557079641005275,
        0.24253533946721587,
        0,
        0.00516193103589938,
        0.9998969000571937,
        -0.013409486876272771,
        0,
        -0.24248676053278376,
        0.01426104312372716,
        0.9700500098197977,
        0,
        3.22489,
        5.501228,
        1.614081,
        1
      ],
      "name": "group_3.002",
      "mesh": 21
    },
    {
      "matrix": [
        0.970141090127793,
        -0.0017557079641005275,
        0.24253533946721587,
        0,
        0.00516193103589938,
        0.9998969000571937,
        -0.013409486876272771,
        0,
        -0.24248676053278376,
        0.01426104312372716,
        0.9700500098197977,
        0,
        3.22489,
        5.501228,
        1.614081,
        1
      ],
      "name": "group_3.003",
      "mesh": 22
    },
    {
      "matrix": [
        0.970141090127793,
        -0.0017557079641005275,
        0.24253533946721587,
        0,
        0.00516193103589938,
        0.9998969000571937,
        -0.013409486876272771,
        0,
        -0.24248676053278376,
        0.01426104312372716,
        0.9700500098197977,
        0,
        3.22489,
        5.501228,
        1.614081,
        1
      ],
      "name": "group_3.004",
      "mesh": 23
    },
    {
      "matrix": [
        0.970141090127793,
        -0.0017557079641005275,
        0.24253533946721587,
        0,
        0.00516193103589938,
        0.9998969000571937,
        -0.013409486876272771,
        0,
        -0.24248676053278376,
        0.01426104312372716,
        0.9700500098197977,
        0,
        3.22489,
        5.501228,
        1.614081,
        1
      ],
      "name": "group_3.005",
      "mesh": 24
    },
    {
      "matrix": [
        0.970141090127793,
        -0.0017557079641005275,
        0.24253533946721587,
        0,
        0.00516193103589938,
        0.9998969000571937,
        -0.013409486876272771,
        0,
        -0.24248676053278376,
        0.01426104312372716,
        0.9700500098197977,
        0,
        3.22489,
        5.501228,
        1.614081,
        1
      ],
      "name": "group_3.006",
      "mesh": 25
    },
    {
      "matrix": [
        0.970141090127793,
        -0.0017557079641005275,
        0.24253533946721587,
        0,
        0.00516193103589938,
        0.9998969000571937,
        -0.013409486876272771,
        0,
        -0.24248676053278376,
        0.01426104312372716,
        0.9700500098197977,
        0,
        3.22489,
        5.501228,
        1.614081,
        1
      ],
      "name": "group_3.007",
      "mesh": 26
    },
    {
      "matrix": [
        0.970141090127793,
        -0.0017557079641005275,
        0.24253533946721587,
        0,
        0.00516193103589938,
        0.9998969000571937,
        -0.013409486876272771,
        0,
        -0.24248676053278376,
        0.01426104312372716,
        0.9700500098197977,
        0,
        3.22489,
        5.501228,
        1.614081,
        1
      ],
      "name": "group_3.008",
      "mesh": 27
    },
    {
      "matrix": [
        -1.6391249957337325e-7,
        -1.0000000000000002,
        9.313216831863259e-9,
        0,
        0.9999999999999997,
        -1.6391249979541773e-7,
        -1.3038505305310774e-8,
        0,
        1.3038506831863077e-8,
        9.313214694689007e-9,
        0.9999999999999999,
        0,
        3.107862,
        7.848436,
        4.412195,
        1
      ],
      "name": "group_4",
      "mesh": 28
    },
    {
      "matrix": [
        -1.6391249957337325e-7,
        -1.0000000000000002,
        9.313216831863259e-9,
        0,
        0.9999999999999997,
        -1.6391249979541773e-7,
        -1.3038505305310774e-8,
        0,
        1.3038506831863077e-8,
        9.313214694689007e-9,
        0.9999999999999999,
        0,
        3.107862,
        7.848436,
        4.412195,
        1
      ],
      "name": "group_4.001",
      "mesh": 29
    },
    {
      "matrix": [
        -1.6391249957337325e-7,
        -1.0000000000000002,
        9.313216831863259e-9,
        0,
        0.9999999999999997,
        -1.6391249979541773e-7,
        -1.3038505305310774e-8,
        0,
        1.3038506831863077e-8,
        9.313214694689007e-9,
        0.9999999999999999,
        0,
        3.451787,
        7.887806,
        3.069264,
        1
      ],
      "name": "group_5",
      "mesh": 30
    },
    {
      "matrix": [
        -1.6391249957337325e-7,
        -1.0000000000000002,
        9.313216831863259e-9,
        0,
        0.9999999999999997,
        -1.6391249979541773e-7,
        -1.3038505305310774e-8,
        0,
        1.3038506831863077e-8,
        9.313214694689007e-9,
        0.9999999999999999,
        0,
        3.451787,
        7.887806,
        3.069264,
        1
      ],
      "name": "group_5.001",
      "mesh": 31
    },
    {
      "matrix": [
        -1.6391249957337325e-7,
        -1.0000000000000002,
        9.313216831863259e-9,
        0,
        0.9999999999999997,
        -1.6391249979541773e-7,
        -1.3038505305310774e-8,
        0,
        1.3038506831863077e-8,
        9.313214694689007e-9,
        0.9999999999999999,
        0,
        4.87851,
        7.966545,
        3.069264,
        1
      ],
      "name": "group_6",
      "mesh": 32
    },
    {
      "matrix": [
        -1.6391249957337325e-7,
        -1.0000000000000002,
        9.313216831863259e-9,
        0,
        0.9999999999999997,
        -1.6391249979541773e-7,
        -1.3038505305310774e-8,
        0,
        1.3038506831863077e-8,
        9.313214694689007e-9,
        0.9999999999999999,
        0,
        4.87851,
        7.966545,
        3.069264,
        1
      ],
      "name": "group_6.001",
      "mesh": 33
    },
    {
      "matrix": [
        -1.6391249957337325e-7,
        -1.0000000000000002,
        9.313216831863259e-9,
        0,
        0.9999999999999997,
        -1.6391249979541773e-7,
        -1.3038505305310774e-8,
        0,
        1.3038506831863077e-8,
        9.313214694689007e-9,
        0.9999999999999999,
        0,
        3.970238,
        7.957376,
        7.895988,
        1
      ],
      "name": "group_7",
      "mesh": 34
    },
    {
      "matrix": [
        -1.6391249957337325e-7,
        -1.0000000000000002,
        9.313216831863259e-9,
        0,
        0.9999999999999997,
        -1.6391249979541773e-7,
        -1.3038505305310774e-8,
        0,
        1.3038506831863077e-8,
        9.313214694689007e-9,
        0.9999999999999999,
        0,
        3.970238,
        7.957376,
        7.895988,
        1
      ],
      "name": "group_7.001",
      "mesh": 35
    },
    {
      "matrix": [
        -1.6391249957337325e-7,
        -1.0000000000000002,
        9.313216831863259e-9,
        0,
        0.9999999999999997,
        -1.6391249979541773e-7,
        -1.3038505305310774e-8,
        0,
        1.3038506831863077e-8,
        9.313214694689007e-9,
        0.9999999999999999,
        0,
        5.648572,
        7.966547,
        6.431178,
        1
      ],
      "name": "group_8",
      "mesh": 36
    },
    {
      "matrix": [
        -1.6391249957337325e-7,
        -1.0000000000000002,
        9.313216831863259e-9,
        0,
        0.9999999999999997,
        -1.6391249979541773e-7,
        -1.3038505305310774e-8,
        0,
        1.3038506831863077e-8,
        9.313214694689007e-9,
        0.9999999999999999,
        0,
        5.648572,
        7.966547,
        6.431178,
        1
      ],
      "name": "group_8.001",
      "mesh": 37
    },
    {
      "matrix": [
        -1.6391249957337325e-7,
        -1.0000000000000002,
        9.313216831863259e-9,
        0,
        0.9999999999999997,
        -1.6391249979541773e-7,
        -1.3038505305310774e-8,
        0,
        1.3038506831863077e-8,
        9.313214694689007e-9,
        0.9999999999999999,
        0,
        2.71416,
        7.966545,
        6.213881,
        1
      ],
      "name": "group_9",
      "mesh": 38
    },
    {
      "matrix": [
        -1.6391249957337325e-7,
        -1.0000000000000002,
        9.313216831863259e-9,
        0,
        0.9999999999999997,
        -1.6391249979541773e-7,
        -1.3038505305310774e-8,
        0,
        1.3038506831863077e-8,
        9.313214694689007e-9,
        0.9999999999999999,
        0,
        2.71416,
        7.966545,
        6.213881,
        1
      ],
      "name": "group_9.001",
      "mesh": 39
    },
    {
      "matrix": [
        -1.6391249957337325e-7,
        -1.0000000000000002,
        9.313216831863259e-9,
        0,
        0.9999999999999997,
        -1.6391249979541773e-7,
        -1.3038505305310774e-8,
        0,
        1.3038506831863077e-8,
        9.313214694689007e-9,
        0.9999999999999999,
        0,
        1.711564,
        8.236145,
        7.895988,
        1
      ],
      "name": "group_10",
      "mesh": 40
    },
    {
      "matrix": [
        -1.6391249957337325e-7,
        -1.0000000000000002,
        9.313216831863259e-9,
        0,
        0.9999999999999997,
        -1.6391249979541773e-7,
        -1.3038505305310774e-8,
        0,
        1.3038506831863077e-8,
        9.313214694689007e-9,
        0.9999999999999999,
        0,
        1.711564,
        8.236145,
        7.895988,
        1
      ],
      "name": "group_10.001",
      "mesh": 41
    },
    {
      "matrix": [
        -1.6391249957337325e-7,
        -1.0000000000000002,
        9.313216831863259e-9,
        0,
        0.9999999999999997,
        -1.6391249979541773e-7,
        -1.3038505305310774e-8,
        0,
        1.3038506831863077e-8,
        9.313214694689007e-9,
        0.9999999999999999,
        0,
        5.646449,
        7.621925,
        7.887089,
        1
      ],
      "name": "group_11",
      "mesh": 42
    },
    {
      "matrix": [
        -1.6391249957337325e-7,
        -1.0000000000000002,
        9.313216831863259e-9,
        0,
        0.9999999999999997,
        -1.6391249979541773e-7,
        -1.3038505305310774e-8,
        0,
        1.3038506831863077e-8,
        9.313214694689007e-9,
        0.9999999999999999,
        0,
        5.646449,
        7.621925,
        7.887089,
        1
      ],
      "name": "group_11.001",
      "mesh": 43
    },
    {
      "matrix": [
        1.0000000000000002,
        3.46944588900347e-17,
        -1.490115e-8,
        0,
        3.46944597172153e-17,
        1,
        4.656615e-9,
        0,
        1.4901149999999994e-8,
        -4.656615e-9,
        0.9999999999999999,
        0,
        0.3874857,
        3.183195,
        0.1195822,
        1
      ],
      "name": "group_14",
      "mesh": 44
    },
    {
      "matrix": [
        1.0000000000000002,
        3.46944588900347e-17,
        -1.490115e-8,
        0,
        3.46944597172153e-17,
        1,
        4.656615e-9,
        0,
        1.4901149999999994e-8,
        -4.656615e-9,
        0.9999999999999999,
        0,
        0.3874857,
        3.183195,
        0.1195822,
        1
      ],
      "name": "group_14.001",
      "mesh": 45
    },
    {
      "matrix": [
        1.0000000000000002,
        3.46944588900347e-17,
        -1.490115e-8,
        0,
        3.46944597172153e-17,
        1,
        4.656615e-9,
        0,
        1.4901149999999994e-8,
        -4.656615e-9,
        0.9999999999999999,
        0,
        0.3874857,
        3.183195,
        0.1195822,
        1
      ],
      "name": "group_14.002",
      "mesh": 46
    },
    {
      "matrix": [
        1.0000000000000002,
        3.46944588900347e-17,
        -1.490115e-8,
        0,
        3.46944597172153e-17,
        1,
        4.656615e-9,
        0,
        1.4901149999999994e-8,
        -4.656615e-9,
        0.9999999999999999,
        0,
        0.3874857,
        3.183195,
        0.1195822,
        1
      ],
      "name": "group_14.003",
      "mesh": 47
    },
    {
      "matrix": [
        1.0000000000000002,
        3.46944588900347e-17,
        -1.490115e-8,
        0,
        3.46944597172153e-17,
        1,
        4.656615e-9,
        0,
        1.4901149999999994e-8,
        -4.656615e-9,
        0.9999999999999999,
        0,
        0.3874857,
        3.183195,
        0.1195822,
        1
      ],
      "name": "group_14.004",
      "mesh": 48
    },
    {
      "matrix": [
        1.0000000000000002,
        3.46944588900347e-17,
        -1.490115e-8,
        0,
        3.46944597172153e-17,
        1,
        4.656615e-9,
        0,
        1.4901149999999994e-8,
        -4.656615e-9,
        0.9999999999999999,
        0,
        0.3874855,
        0.00000190735,
        0.1195823,
        1
      ],
      "name": "group_15",
      "mesh": 49
    },
    {
      "matrix": [
        1.0000000000000002,
        3.46944588900347e-17,
        -1.490115e-8,
        0,
        3.46944597172153e-17,
        1,
        4.656615e-9,
        0,
        1.4901149999999994e-8,
        -4.656615e-9,
        0.9999999999999999,
        0,
        0.3874855,
        0.00000190735,
        0.1195823,
        1
      ],
      "name": "group_15.001",
      "mesh": 50
    },
    {
      "matrix": [
        1.0000000000000002,
        3.46944588900347e-17,
        -1.490115e-8,
        0,
        3.46944597172153e-17,
        1,
        4.656615e-9,
        0,
        1.4901149999999994e-8,
        -4.656615e-9,
        0.9999999999999999,
        0,
        0.3874855,
        0.00000190735,
        0.1195823,
        1
      ],
      "name": "group_15.002",
      "mesh": 51
    },
    {
      "matrix": [
        1.0000000000000002,
        3.46944588900347e-17,
        -1.490115e-8,
        0,
        3.46944597172153e-17,
        1,
        4.656615e-9,
        0,
        1.4901149999999994e-8,
        -4.656615e-9,
        0.9999999999999999,
        0,
        0.3874855,
        0.00000190735,
        0.1195823,
        1
      ],
      "name": "group_15.003",
      "mesh": 52
    },
    {
      "matrix": [
        1.0000000000000002,
        3.46944588900347e-17,
        -1.490115e-8,
        0,
        3.46944597172153e-17,
        1,
        4.656615e-9,
        0,
        1.4901149999999994e-8,
        -4.656615e-9,
        0.9999999999999999,
        0,
        0.3874855,
        0.00000190735,
        0.1195823,
        1
      ],
      "name": "group_15.004",
      "mesh": 53
    },
    {
      "matrix": [
        1.0000000000000002,
        3.46944588900347e-17,
        -1.490115e-8,
        0,
        3.46944597172153e-17,
        1,
        4.656615e-9,
        0,
        1.4901149999999994e-8,
        -4.656615e-9,
        0.9999999999999999,
        0,
        -9.53674e-7,
        0.3937016,
        -0.00000119209,
        1
      ],
      "name": "group_16",
      "mesh": 54
    },
    {
      "matrix": [
        1.0000000000000002,
        3.46944588900347e-17,
        -1.490115e-8,
        0,
        3.46944597172153e-17,
        1,
        4.656615e-9,
        0,
        1.4901149999999994e-8,
        -4.656615e-9,
        0.9999999999999999,
        0,
        -9.53674e-7,
        0.3937016,
        -0.00000119209,
        1
      ],
      "name": "group_16.001",
      "mesh": 55
    },
    {
      "matrix": [
        1.0000000000000002,
        3.46944588900347e-17,
        -1.490115e-8,
        0,
        3.46944597172153e-17,
        1,
        4.656615e-9,
        0,
        1.4901149999999994e-8,
        -4.656615e-9,
        0.9999999999999999,
        0,
        -9.53674e-7,
        0.3937016,
        -0.00000119209,
        1
      ],
      "name": "group_16.002",
      "mesh": 56
    },
    {
      "matrix": [
        1.0000000000000002,
        3.46944588900347e-17,
        -1.490115e-8,
        0,
        3.46944597172153e-17,
        1,
        4.656615e-9,
        0,
        1.4901149999999994e-8,
        -4.656615e-9,
        0.9999999999999999,
        0,
        -9.53674e-7,
        0.3937016,
        -0.00000119209,
        1
      ],
      "name": "group_16.003",
      "mesh": 57
    },
    {
      "matrix": [
        1.0000000000000002,
        3.46944588900347e-17,
        -1.490115e-8,
        0,
        3.46944597172153e-17,
        1,
        4.656615e-9,
        0,
        1.4901149999999994e-8,
        -4.656615e-9,
        0.9999999999999999,
        0,
        -9.53674e-7,
        0.3937016,
        -0.00000119209,
        1
      ],
      "name": "group_16.004",
      "mesh": 58
    },
    {
      "matrix": [
        1.0000000000000002,
        3.46944588900347e-17,
        -1.490115e-8,
        0,
        3.46944597172153e-17,
        1,
        4.656615e-9,
        0,
        1.4901149999999994e-8,
        -4.656615e-9,
        0.9999999999999999,
        0,
        -9.53674e-7,
        0.3937016,
        -0.00000119209,
        1
      ],
      "name": "group_16.005",
      "mesh": 59
    },
    {
      "matrix": [
        1.0000000000000002,
        3.46944588900347e-17,
        -1.490115e-8,
        0,
        3.46944597172153e-17,
        1,
        4.656615e-9,
        0,
        1.4901149999999994e-8,
        -4.656615e-9,
        0.9999999999999999,
        0,
        -9.53674e-7,
        0.3937016,
        -0.00000119209,
        1
      ],
      "name": "group_16.006",
      "mesh": 60
    },
    {
      "matrix": [
        1.0000000000000002,
        3.46944588900347e-17,
        -1.490115e-8,
        0,
        3.46944597172153e-17,
        1,
        4.656615e-9,
        0,
        1.4901149999999994e-8,
        -4.656615e-9,
        0.9999999999999999,
        0,
        -9.53674e-7,
        0.3937016,
        -0.00000119209,
        1
      ],
      "name": "group_16.007",
      "mesh": 61
    },
    {
      "matrix": [
        1.0000000000000002,
        3.46944588900347e-17,
        -1.490115e-8,
        0,
        3.46944597172153e-17,
        1,
        4.656615e-9,
        0,
        1.4901149999999994e-8,
        -4.656615e-9,
        0.9999999999999999,
        0,
        -9.53674e-7,
        0.3937016,
        -0.00000119209,
        1
      ],
      "name": "group_16.008",
      "mesh": 62
    },
    {
      "matrix": [
        1.0000000000000002,
        3.46944588900347e-17,
        -1.490115e-8,
        0,
        3.46944597172153e-17,
        1,
        4.656615e-9,
        0,
        1.4901149999999994e-8,
        -4.656615e-9,
        0.9999999999999999,
        0,
        -9.53674e-7,
        0.3937016,
        -0.00000119209,
        1
      ],
      "name": "group_16.009",
      "mesh": 63
    },
    {
      "matrix": [
        1.0000000000000002,
        3.46944588900347e-17,
        -1.490115e-8,
        0,
        3.46944597172153e-17,
        1,
        4.656615e-9,
        0,
        1.4901149999999994e-8,
        -4.656615e-9,
        0.9999999999999999,
        0,
        -9.53674e-7,
        0.3937016,
        -0.00000119209,
        1
      ],
      "name": "group_16.010",
      "mesh": 64
    },
    {
      "matrix": [
        1.0000000000000002,
        3.46944588900347e-17,
        -1.490115e-8,
        0,
        3.46944597172153e-17,
        1,
        4.656615e-9,
        0,
        1.4901149999999994e-8,
        -4.656615e-9,
        0.9999999999999999,
        0,
        -9.53674e-7,
        0.3937016,
        -0.00000119209,
        1
      ],
      "name": "group_16.011",
      "mesh": 65
    },
    {
      "matrix": [
        1.0000000000000002,
        3.46944588900347e-17,
        -1.490115e-8,
        0,
        3.46944597172153e-17,
        1,
        4.656615e-9,
        0,
        1.4901149999999994e-8,
        -4.656615e-9,
        0.9999999999999999,
        0,
        -9.53674e-7,
        0.3937016,
        -0.00000119209,
        1
      ],
      "name": "group_16.012",
      "mesh": 66
    },
    {
      "matrix": [
        1.0000000000000002,
        3.46944588900347e-17,
        -1.490115e-8,
        0,
        3.46944597172153e-17,
        1,
        4.656615e-9,
        0,
        1.4901149999999994e-8,
        -4.656615e-9,
        0.9999999999999999,
        0,
        -9.53674e-7,
        0.3937016,
        -0.00000119209,
        1
      ],
      "name": "group_16.013",
      "mesh": 67
    },
    {
      "matrix": [
        1.0000000000000002,
        3.46944588900347e-17,
        -1.490115e-8,
        0,
        3.46944597172153e-17,
        1,
        4.656615e-9,
        0,
        1.4901149999999994e-8,
        -4.656615e-9,
        0.9999999999999999,
        0,
        -9.53674e-7,
        0.3937016,
        -0.00000119209,
        1
      ],
      "name": "group_16.014",
      "mesh": 68
    },
    {
      "matrix": [
        1.0000000000000002,
        3.46944588900347e-17,
        -1.490115e-8,
        0,
        3.46944597172153e-17,
        1,
        4.656615e-9,
        0,
        1.4901149999999994e-8,
        -4.656615e-9,
        0.9999999999999999,
        0,
        -9.53674e-7,
        0.3937016,
        -0.00000119209,
        1
      ],
      "name": "group_16.015",
      "mesh": 69
    },
    {
      "matrix": [
        1.0000000000000002,
        3.46944588900347e-17,
        -1.490115e-8,
        0,
        3.46944597172153e-17,
        1,
        4.656615e-9,
        0,
        1.4901149999999994e-8,
        -4.656615e-9,
        0.9999999999999999,
        0,
        -9.53674e-7,
        0.3937016,
        -0.00000119209,
        1
      ],
      "name": "group_16.016",
      "mesh": 70
    },
    {
      "matrix": [
        1.0000000000000002,
        3.46944588900347e-17,
        -1.490115e-8,
        0,
        3.46944597172153e-17,
        1,
        4.656615e-9,
        0,
        1.4901149999999994e-8,
        -4.656615e-9,
        0.9999999999999999,
        0,
        -9.53674e-7,
        0.3937016,
        -0.00000119209,
        1
      ],
      "name": "group_16.017",
      "mesh": 71
    },
    {
      "matrix": [
        1.0000000000000002,
        3.46944588900347e-17,
        -1.490115e-8,
        0,
        3.46944597172153e-17,
        1,
        4.656615e-9,
        0,
        1.4901149999999994e-8,
        -4.656615e-9,
        0.9999999999999999,
        0,
        -9.53674e-7,
        0.3937016,
        -0.00000119209,
        1
      ],
      "name": "group_16.018",
      "mesh": 72
    },
    {
      "matrix": [
        1.0000000000000002,
        3.46944588900347e-17,
        -1.490115e-8,
        0,
        3.46944597172153e-17,
        1,
        4.656615e-9,
        0,
        1.4901149999999994e-8,
        -4.656615e-9,
        0.9999999999999999,
        0,
        -9.53674e-7,
        0.3937016,
        -0.00000119209,
        1
      ],
      "name": "group_16.019",
      "mesh": 73
    },
    {
      "matrix": [
        1.0000000000000002,
        3.46944588900347e-17,
        -1.490115e-8,
        0,
        3.46944597172153e-17,
        1,
        4.656615e-9,
        0,
        1.4901149999999994e-8,
        -4.656615e-9,
        0.9999999999999999,
        0,
        -9.53674e-7,
        0.3937016,
        -0.00000119209,
        1
      ],
      "name": "group_16.020",
      "mesh": 74
    },
    {
      "matrix": [
        1.0000000000000002,
        3.46944588900347e-17,
        -1.490115e-8,
        0,
        3.46944597172153e-17,
        1,
        4.656615e-9,
        0,
        1.4901149999999994e-8,
        -4.656615e-9,
        0.9999999999999999,
        0,
        -9.53674e-7,
        0.3937016,
        -0.00000119209,
        1
      ],
      "name": "group_16.021",
      "mesh": 75
    },
    {
      "matrix": [
        1.0000000000000002,
        3.46944588900347e-17,
        -1.490115e-8,
        0,
        3.46944597172153e-17,
        1,
        4.656615e-9,
        0,
        1.4901149999999994e-8,
        -4.656615e-9,
        0.9999999999999999,
        0,
        -9.53674e-7,
        0.3937016,
        -0.00000119209,
        1
      ],
      "name": "group_16.022",
      "mesh": 76
    },
    {
      "matrix": [
        1.0000000000000002,
        3.46944588900347e-17,
        -1.490115e-8,
        0,
        3.46944597172153e-17,
        1,
        4.656615e-9,
        0,
        1.4901149999999994e-8,
        -4.656615e-9,
        0.9999999999999999,
        0,
        -9.53674e-7,
        0.3937016,
        -0.00000119209,
        1
      ],
      "name": "group_16.023",
      "mesh": 77
    },
    {
      "matrix": [
        1.0000000000000002,
        3.46944588900347e-17,
        -1.490115e-8,
        0,
        3.46944597172153e-17,
        1,
        4.656615e-9,
        0,
        1.4901149999999994e-8,
        -4.656615e-9,
        0.9999999999999999,
        0,
        -9.53674e-7,
        0.3937016,
        -0.00000119209,
        1
      ],
      "name": "group_16.024",
      "mesh": 78
    },
    {
      "matrix": [
        1.0000000000000002,
        3.46944588900347e-17,
        -1.490115e-8,
        0,
        3.46944597172153e-17,
        1,
        4.656615e-9,
        0,
        1.4901149999999994e-8,
        -4.656615e-9,
        0.9999999999999999,
        0,
        -9.53674e-7,
        0.3937016,
        -0.00000119209,
        1
      ],
      "name": "group_16.025",
      "mesh": 79
    },
    {
      "matrix": [
        1.0000000000000002,
        3.46944588900347e-17,
        -1.490115e-8,
        0,
        3.46944597172153e-17,
        1,
        4.656615e-9,
        0,
        1.4901149999999994e-8,
        -4.656615e-9,
        0.9999999999999999,
        0,
        -9.53674e-7,
        0.3937016,
        -0.00000119209,
        1
      ],
      "name": "group_16.026",
      "mesh": 80
    },
    {
      "matrix": [
        1.0000000000000002,
        3.46944588900347e-17,
        -1.490115e-8,
        0,
        3.46944597172153e-17,
        1,
        4.656615e-9,
        0,
        1.4901149999999994e-8,
        -4.656615e-9,
        0.9999999999999999,
        0,
        7.030608,
        0.00000190735,
        0.152757,
        1
      ],
      "name": "group_13",
      "children": [
        45,
        46,
        47,
        48,
        49,
        50,
        51,
        52,
        53,
        54,
        55,
        56,
        57,
        58,
        59,
        60,
        61,
        62,
        63,
        64,
        65,
        66,
        67,
        68,
        69,
        70,
        71,
        72,
        73,
        74,
        75,
        76,
        77,
        78,
        79,
        80,
        81
      ]
    },
    {
      "matrix": [
        1.0000000000000002,
        -1.1853222184609833e-9,
        -1.4901150002207835e-8,
        0,
        5.215419190799459e-10,
        0.4400001,
        1.639127968643213e-9,
        0,
        1.490114999779216e-8,
        -3.7252900088313323e-9,
        0.9999999999999999,
        0,
        9.840084,
        1.677166,
        2.38419e-7,
        1
      ],
      "name": "group_17",
      "mesh": 81
    },
    {
      "matrix": [
        1.0000000000000002,
        -1.1853222184609833e-9,
        -1.4901150002207835e-8,
        0,
        5.215419190799459e-10,
        0.4400001,
        1.639127968643213e-9,
        0,
        1.490114999779216e-8,
        -3.7252900088313323e-9,
        0.9999999999999999,
        0,
        9.840084,
        1.677166,
        2.38419e-7,
        1
      ],
      "name": "group_17.001",
      "mesh": 82
    },
    {
      "matrix": [
        1.0000000000000002,
        3.46944588900347e-17,
        -1.490115e-8,
        0,
        3.46944597172153e-17,
        1,
        4.656615e-9,
        0,
        1.4901149999999994e-8,
        -4.656615e-9,
        0.9999999999999999,
        0,
        0.2952747,
        1.668734,
        1.668733,
        1
      ],
      "name": "group_21",
      "mesh": 83
    },
    {
      "matrix": [
        1.0000000000000002,
        3.46944588900347e-17,
        -1.490115e-8,
        0,
        3.46944597172153e-17,
        1,
        4.656615e-9,
        0,
        1.4901149999999994e-8,
        -4.656615e-9,
        0.9999999999999999,
        0,
        0.2952747,
        1.668734,
        1.668733,
        1
      ],
      "name": "group_21.001",
      "mesh": 84
    },
    {
      "matrix": [
        1.0000000000000002,
        9.313243754998816e-10,
        -1.490115003903139e-8,
        0,
        9.313256245001213e-10,
        -1,
        8.38190499930611e-8,
        0,
        -1.4901149960968654e-8,
        -8.38190500069389e-8,
        -0.9999999999999998,
        0,
        -4.76837e-7,
        0.1968498,
        0.1968503,
        1
      ],
      "name": "group_22",
      "mesh": 85
    },
    {
      "matrix": [
        1.0000000000000002,
        9.313243754998816e-10,
        -1.490115003903139e-8,
        0,
        9.313256245001213e-10,
        -1,
        8.38190499930611e-8,
        0,
        -1.4901149960968654e-8,
        -8.38190500069389e-8,
        -0.9999999999999998,
        0,
        -4.76837e-7,
        0.1968498,
        0.1968503,
        1
      ],
      "name": "group_22.001",
      "mesh": 86
    },
    {
      "matrix": [
        1.0000000000000002,
        1.490115235487964e-8,
        -1.3038499843007474e-8,
        0,
        1.3038502354879824e-8,
        -1.685689998698361e-7,
        1.0000000000000002,
        0,
        1.4901150156992748e-8,
        -0.9999999999999994,
        -1.6856900009188058e-7,
        0,
        0.2952766,
        0.1968498,
        1.668733,
        1
      ],
      "name": "group_23",
      "mesh": 87
    },
    {
      "matrix": [
        1.0000000000000002,
        1.490115235487964e-8,
        -1.3038499843007474e-8,
        0,
        1.3038502354879824e-8,
        -1.685689998698361e-7,
        1.0000000000000002,
        0,
        1.4901150156992748e-8,
        -0.9999999999999994,
        -1.6856900009188058e-7,
        0,
        0.2952766,
        0.1968498,
        1.668733,
