{
  "asset": {
    "version": "2.0",
    "generator": "THREE.GLTFExporter"
  },
  "scenes": [
    {
      "nodes": [
        226
      ],
      "name": "AuxScene"
    }
  ],
  "scene": 0,
  "nodes": [
    {
      "matrix": [
        0.00023071872140915112,
        0.02539382000298131,
        -0.0005104249435219085,
        0,
        -0.025398899997018682,
        0.00022964028369539268,
        -0.00005594887803894185,
        0,
        -0.00005132054352190057,
        0.000510911121961063,
        0.025394809997660295,
        0,
        0.7424697,
        0.3192835,
        0.01024883,
        1
      ],
      "name": "SketchUp.003",
      "mesh": 0
    },
    {
      "matrix": [
        -0.0009305867157050862,
        0.021985609599955443,
        0.012685701386271621,
        0,
        -0.02535261040004459,
        -0.00018458730505949657,
        -0.0015398862243805379,
        0,
        -0.0012406976137283253,
        -0.012718449224380588,
        0.021951350584164708,
        0,
        0.09354078,
        0.5015309,
        0.01308232,
        1
      ],
      "name": "SketchUp.001",
      "mesh": 1
    },
    {
      "matrix": [
        -0.9043286059282052,
        -0.4268369877114512,
        -9.144709956258948e-8,
        0,
        0.05033899228854615,
        -0.10665214792188481,
        0.9930211050381283,
        0,
        -0.42385819795990065,
        0.8980174949618709,
        0.11793514614991767,
        0,
        -6.904745,
        19.95304,
        6.517315,
        1
      ],
      "name": "skp_camera_Last_Saved_SketchUp_View",
      "camera": 0
    },
    {
      "matrix": [
        0.9589206889387425,
        -0.05657815016176168,
        0.27797483811712587,
        0,
        0.03434023983823832,
        0.9958544003995022,
        0.08423076534012867,
        0,
        -0.28158806188287644,
        -0.0712248946598709,
        0.9568882108677365,
        0,
        0.461587,
        5.752043,
        13.83291,
        1
      ],
      "name": "group_0",
      "mesh": 2
    },
    {
      "matrix": [
        0.9589206889387425,
        -0.05657815016176168,
        0.27797483811712587,
        0,
        0.03434023983823832,
        0.9958544003995022,
        0.08423076534012867,
        0,
        -0.28158806188287644,
        -0.0712248946598709,
        0.9568882108677365,
        0,
        0.461587,
        5.752043,
        13.83291,
        1
      ],
      "name": "group_0.002",
      "mesh": 3
    },
    {
      "matrix": [
        0.9589205017724047,
        -0.05657814528414624,
        0.2779754931306723,
        0,
        -0.034340184715853574,
        -0.9958544000540522,
        -0.08423076259249027,
        0,
        -0.2815887068693272,
        -0.07122486740751002,
        0.9568879981735425,
        0,
        0.3615904,
        2.852221,
        13.58764,
        1
      ],
      "name": "group_1",
      "mesh": 4
    },
    {
      "matrix": [
        0.9589205017724047,
        -0.05657814528414624,
        0.2779754931306723,
        0,
        -0.034340184715853574,
        -0.9958544000540522,
        -0.08423076259249027,
        0,
        -0.2815887068693272,
        -0.07122486740751002,
        0.9568879981735425,
        0,
        0.3615904,
        2.852221,
        13.58764,
        1
      ],
      "name": "group_1.001",
      "mesh": 5
    },
    {
      "matrix": [
        0.9589205017724047,
        -0.05657814528414624,
        0.2779754931306723,
        0,
        -0.034340184715853574,
        -0.9958544000540522,
        -0.08423076259249027,
        0,
        -0.2815887068693272,
        -0.07122486740751002,
        0.9568879981735425,
        0,
        0.3615904,
        2.852221,
        13.58764,
        1
      ],
      "name": "group_1.002",
      "mesh": 6
    },
    {
      "matrix": [
        0.8619331158589306,
        -0.0739116893711713,
        0.5016059713958185,
        0,
        0.04306245062882961,
        0.9964146006331394,
        0.0728255568834897,
        0,
        -0.5051901286041788,
        -0.04117037311651031,
        0.8620254831038432,
        0,
        0.033885,
        5.901246,
        13.64081,
        1
      ],
      "name": "group_2",
      "mesh": 7
    },
    {
      "matrix": [
        0.8619331158589306,
        -0.0739116893711713,
        0.5016059713958185,
        0,
        0.04306245062882961,
        0.9964146006331394,
        0.0728255568834897,
        0,
        -0.5051901286041788,
        -0.04117037311651031,
        0.8620254831038432,
        0,
        0.033885,
        5.901246,
        13.64081,
        1
      ],
      "name": "group_2.001",
      "mesh": 8
    },
    {
      "matrix": [
        0.8619331158589306,
        -0.0739116893711713,
        0.5016059713958185,
        0,
        0.04306245062882961,
        0.9964146006331394,
        0.0728255568834897,
        0,
        -0.5051901286041788,
        -0.04117037311651031,
        0.8620254831038432,
        0,
        0.033885,
        5.901246,
        13.64081,
        1
      ],
      "name": "group_2.003",
      "mesh": 9
    },
    {
      "matrix": [
        0.8619331158589306,
        -0.0739116893711713,
        0.5016059713958185,
        0,
        0.04306245062882961,
        0.9964146006331394,
        0.0728255568834897,
        0,
        -0.5051901286041788,
        -0.04117037311651031,
        0.8620254831038432,
        0,
        0.033885,
        5.901246,
        13.64081,
        1
      ],
      "name": "group_2.004",
      "mesh": 10
    },
    {
      "matrix": [
        0.8619331158589306,
        -0.0739116893711713,
        0.5016059713958185,
        0,
        0.04306245062882961,
        0.9964146006331394,
        0.0728255568834897,
        0,
        -0.5051901286041788,
        -0.04117037311651031,
        0.8620254831038432,
        0,
        0.033885,
        5.901246,
        13.64081,
        1
      ],
      "name": "group_2.008",
      "mesh": 11
    },
    {
      "matrix": [
        0.8619331158589306,
        -0.0739116893711713,
        0.5016059713958185,
        0,
        0.04306245062882961,
        0.9964146006331394,
        0.0728255568834897,
        0,
        -0.5051901286041788,
        -0.04117037311651031,
        0.8620254831038432,
        0,
        -0.01382065,
        2.543795,
        13.39682,
        1
      ],
      "name": "group_3",
      "mesh": 12
    },
    {
      "matrix": [
        0.8619331158589306,
        -0.0739116893711713,
        0.5016059713958185,
        0,
        0.04306245062882961,
        0.9964146006331394,
        0.0728255568834897,
        0,
        -0.5051901286041788,
        -0.04117037311651031,
        0.8620254831038432,
        0,
        -0.01382065,
        2.543795,
        13.39682,
        1
      ],
      "name": "group_3.001",
      "mesh": 13
    },
    {
      "matrix": [
        0.8619331158589306,
        -0.0739116893711713,
        0.5016059713958185,
        0,
        0.04306245062882961,
        0.9964146006331394,
        0.0728255568834897,
        0,
        -0.5051901286041788,
        -0.04117037311651031,
        0.8620254831038432,
        0,
        -0.01382065,
        2.543795,
        13.39682,
        1
      ],
      "name": "group_3.002",
      "mesh": 14
    },
    {
      "matrix": [
        0.8619331158589306,
        -0.0739116893711713,
        0.5016059713958185,
        0,
        0.04306245062882961,
        0.9964146006331394,
        0.0728255568834897,
        0,
        -0.5051901286041788,
        -0.04117037311651031,
        0.8620254831038432,
        0,
        -0.01382065,
        2.543795,
        13.39682,
        1
      ],
      "name": "group_3.003",
      "mesh": 15
    },
    {
      "matrix": [
        0.8474689663126126,
        0.13909722035023675,
        0.512297050438405,
        0,
        -0.18389867964976514,
        0.9822286047800781,
        0.03752345498526038,
        0,
        -0.4979734495615967,
        -0.12601072501474106,
        0.8579881257318258,
        0,
        2.044133,
        6.964538,
        14.36505,
        1
      ],
      "name": "group_3.005",
      "mesh": 16
    },
    {
      "matrix": [
        0.8619331158589306,
        -0.0739116893711713,
        0.5016059713958185,
        0,
        0.04306245062882961,
        0.9964146006331394,
        0.0728255568834897,
        0,
        -0.5051901286041788,
        -0.04117037311651031,
        0.8620254831038432,
        0,
        -0.01382065,
        2.543795,
        13.39682,
        1
      ],
      "name": "group_3.007",
      "mesh": 17
    },
    {
      "matrix": [
        -0.0343403807347301,
        -0.9958545201311906,
        -0.08423046778331701,
        0,
        0.9589206798688109,
        -0.05657821120974999,
        0.2779750158852968,
        0,
        -0.28158820778333865,
        -0.07122455411471963,
        0.9568881363885704,
        0,
        -0.8333569,
        4.688595,
        16.23948,
        1
      ],
      "name": "group_4",
      "mesh": 18
    },
    {
      "matrix": [
        -0.0343403807347301,
        -0.9958545201311906,
        -0.08423046778331701,
        0,
        0.9589206798688109,
        -0.05657821120974999,
        0.2779750158852968,
        0,
        -0.28158820778333865,
        -0.07122455411471963,
        0.9568881363885704,
        0,
        -0.8333569,
        4.688595,
        16.23948,
        1
      ],
      "name": "group_4.001",
      "mesh": 19
    },
    {
      "matrix": [
        -0.0343403807347301,
        -0.9958545201311906,
        -0.08423046778331701,
        0,
        0.9589206798688109,
        -0.05657821120974999,
        0.2779750158852968,
        0,
        -0.28158820778333865,
        -0.07122455411471963,
        0.9568881363885704,
        0,
        -0.124054,
        4.803993,
        15.05336,
        1
      ],
      "name": "group_5",
      "mesh": 20
    },
    {
      "matrix": [
        -0.0343403807347301,
        -0.9958545201311906,
        -0.08423046778331701,
        0,
        0.9589206798688109,
        -0.05657821120974999,
        0.2779750158852968,
        0,
        -0.28158820778333865,
        -0.07122455411471963,
        0.9568881363885704,
        0,
        -0.124054,
        4.803993,
        15.05336,
        1
      ],
      "name": "group_5.001",
      "mesh": 21
    },
    {
      "matrix": [
        -0.0343403807347301,
        -0.9958545201311906,
        -0.08423046778331701,
        0,
        0.9589206798688109,
        -0.05657821120974999,
        0.2779750158852968,
        0,
        -0.28158820778333865,
        -0.07122455411471963,
        0.9568881363885704,
        0,
        1.246763,
        4.801686,
        15.45658,
        1
      ],
      "name": "group_6",
      "mesh": 22
    },
    {
      "matrix": [
        -0.0343403807347301,
        -0.9958545201311906,
        -0.08423046778331701,
        0,
        0.9589206798688109,
        -0.05657821120974999,
        0.2779750158852968,
        0,
        -0.28158820778333865,
        -0.07122455411471963,
        0.9568881363885704,
        0,
        1.246763,
        4.801686,
        15.45658,
        1
      ],
      "name": "group_6.001",
      "mesh": 23
    },
    {
      "matrix": [
        -0.0343403807347301,
        -0.9958545201311906,
        -0.08423046778331701,
        0,
        0.9589206798688109,
        -0.05657821120974999,
        0.2779750158852968,
        0,
        -0.28158820778333865,
        -0.07122455411471963,
        0.9568881363885704,
        0,
        -0.9836602,
        4.500158,
        19.82197,
        1
      ],
      "name": "group_7",
      "mesh": 24
    },
    {
      "matrix": [
        -0.0343403807347301,
        -0.9958545201311906,
        -0.08423046778331701,
        0,
        0.9589206798688109,
        -0.05657821120974999,
        0.2779750158852968,
        0,
        -0.28158820778333865,
        -0.07122455411471963,
        0.9568881363885704,
        0,
        -0.9836602,
        4.500158,
        19.82197,
        1
      ],
      "name": "group_7.001",
      "mesh": 25
    },
    {
      "matrix": [
        -0.0343403807347301,
        -0.9958545201311906,
        -0.08423046778331701,
        0,
        0.9589206798688109,
        -0.05657821120974999,
        0.2779750158852968,
        0,
        -0.28158820778333865,
        -0.07122455411471963,
        0.9568881363885704,
        0,
        1.038519,
        4.518666,
        18.88762,
        1
      ],
      "name": "group_8",
      "mesh": 26
    },
    {
      "matrix": [
        -0.0343403807347301,
        -0.9958545201311906,
        -0.08423046778331701,
        0,
        0.9589206798688109,
        -0.05657821120974999,
        0.2779750158852968,
        0,
        -0.28158820778333865,
        -0.07122455411471963,
        0.9568881363885704,
        0,
        1.038519,
        4.518666,
        18.88762,
        1
      ],
      "name": "group_8.001",
      "mesh": 27
    },
    {
      "matrix": [
        -0.0343403807347301,
        -0.9958545201311906,
        -0.08423046778331701,
        0,
        0.9589206798688109,
        -0.05657821120974999,
        0.2779750158852968,
        0,
        -0.28158820778333865,
        -0.07122455411471963,
        0.9568881363885704,
        0,
        -1.714164,
        4.700165,
        17.864,
        1
      ],
      "name": "group_9",
      "mesh": 28
    },
    {
      "matrix": [
        -0.0343403807347301,
        -0.9958545201311906,
        -0.08423046778331701,
        0,
        0.9589206798688109,
        -0.05657821120974999,
        0.2779750158852968,
        0,
        -0.28158820778333865,
        -0.07122455411471963,
        0.9568881363885704,
        0,
        -1.714164,
        4.700165,
        17.864,
        1
      ],
      "name": "group_9.001",
      "mesh": 29
    },
    {
      "matrix": [
        -0.0343403807347301,
        -0.9958545201311906,
        -0.08423046778331701,
        0,
        0.9589206798688109,
        -0.05657821120974999,
        0.2779750158852968,
        0,
        -0.28158820778333865,
        -0.07122455411471963,
        0.9568881363885704,
        0,
        -3.139977,
        4.905561,
        19.2176,
        1
      ],
      "name": "group_10",
      "mesh": 30
    },
    {
      "matrix": [
        -0.0343403807347301,
        -0.9958545201311906,
        -0.08423046778331701,
        0,
        0.9589206798688109,
        -0.05657821120974999,
        0.2779750158852968,
        0,
        -0.28158820778333865,
        -0.07122455411471963,
        0.9568881363885704,
        0,
        -3.139977,
        4.905561,
        19.2176,
        1
      ],
      "name": "group_10.001",
      "mesh": 31
    },
    {
      "matrix": [
        -0.0343403807347301,
        -0.9958545201311906,
        -0.08423046778331701,
        0,
        0.9589206798688109,
        -0.05657821120974999,
        0.2779750158852968,
        0,
        -0.28158820778333865,
        -0.07122455411471963,
        0.9568881363885704,
        0,
        0.6146812,
        4.071896,
        20.25115,
        1
      ],
      "name": "group_11",
      "mesh": 32
    },
    {
      "matrix": [
        1,
        9.31325e-10,
        -4.3368317154948353e-26,
        0,
        -9.31325e-10,
        1,
        -9.313250939242124e-17,
        0,
        -4.336831281811664e-26,
        9.31325000791703e-17,
        0.9999999,
        0,
        0.3874874,
        3.183193,
        0.1195841,
        1
      ],
      "name": "group_14",
      "mesh": 33
    },
    {
      "matrix": [
        1,
        9.31325e-10,
        -4.3368317154948353e-26,
        0,
        -9.31325e-10,
        1,
        -9.313250939242124e-17,
        0,
        -4.336831281811664e-26,
        9.31325000791703e-17,
        0.9999999,
        0,
        0.3874874,
        3.183193,
        0.1195841,
        1
      ],
      "name": "group_14.001",
      "mesh": 34
    },
    {
      "matrix": [
        1,
        9.31325e-10,
        -4.3368317154948353e-26,
        0,
        -9.31325e-10,
        1,
        -9.313250939242124e-17,
        0,
        -4.336831281811664e-26,
        9.31325000791703e-17,
        0.9999999,
        0,
        0.3874874,
        3.183193,
        0.1195841,
        1
      ],
      "name": "group_14.002",
      "mesh": 35
    },
    {
      "matrix": [
        1,
        9.31325e-10,
        -4.3368317154948353e-26,
        0,
        -9.31325e-10,
        1,
        -9.313250939242124e-17,
        0,
        -4.336831281811664e-26,
        9.31325000791703e-17,
        0.9999999,
        0,
        0.3874874,
        3.183193,
        0.1195841,
        1
      ],
      "name": "group_14.003",
      "mesh": 36
    },
    {
      "matrix": [
        1,
        9.31325e-10,
        -4.3368317154948353e-26,
        0,
        -9.31325e-10,
        1,
        -9.313250939242124e-17,
        0,
        -4.336831281811664e-26,
        9.31325000791703e-17,
        0.9999999,
        0,
        0.3874874,
        3.183193,
        0.1195841,
        1
      ],
      "name": "group_14.004",
      "mesh": 37
    },
    {
      "matrix": [
        1,
        9.31325e-10,
        -4.3368317154948353e-26,
        0,
        -9.31325e-10,
        1,
        -9.313250939242124e-17,
        0,
        -4.336831281811664e-26,
        9.31325000791703e-17,
        0.9999999,
        0,
        0.3874865,
        0,
        0.1195831,
        1
      ],
      "name": "group_15",
      "mesh": 38
    },
    {
      "matrix": [
        1,
        9.31325e-10,
        -4.3368317154948353e-26,
        0,
        -9.31325e-10,
        1,
        -9.313250939242124e-17,
        0,
        -4.336831281811664e-26,
        9.31325000791703e-17,
        0.9999999,
        0,
        0.3874865,
        0,
        0.1195831,
        1
      ],
      "name": "group_15.001",
      "mesh": 39
    },
    {
      "matrix": [
        1,
        9.31325e-10,
        -4.3368317154948353e-26,
        0,
        -9.31325e-10,
        1,
        -9.313250939242124e-17,
        0,
        -4.336831281811664e-26,
        9.31325000791703e-17,
        0.9999999,
        0,
        0.3874865,
        0,
        0.1195831,
        1
      ],
      "name": "group_15.002",
      "mesh": 40
    },
    {
      "matrix": [
        1,
        9.31325e-10,
        -4.3368317154948353e-26,
        0,
        -9.31325e-10,
        1,
        -9.313250939242124e-17,
        0,
        -4.336831281811664e-26,
        9.31325000791703e-17,
        0.9999999,
        0,
        0.3874865,
        0,
        0.1195831,
        1
      ],
      "name": "group_15.003",
      "mesh": 41
    },
    {
      "matrix": [
        1,
        9.31325e-10,
        -4.3368317154948353e-26,
        0,
        -9.31325e-10,
        1,
        -9.313250939242124e-17,
        0,
        -4.336831281811664e-26,
        9.31325000791703e-17,
        0.9999999,
        0,
        0.3874865,
        0,
        0.1195831,
        1
      ],
      "name": "group_15.004",
      "mesh": 42
    },
    {
      "matrix": [
        1,
        9.31325e-10,
        -4.3368317154948353e-26,
        0,
        -9.31325e-10,
        1,
        -9.313250939242124e-17,
        0,
        -4.336831281811664e-26,
        9.31325000791703e-17,
        0.9999999,
        0,
        9.53674e-7,
        0.3937008,
        0,
        1
      ],
      "name": "group_16",
      "mesh": 43
    },
    {
      "matrix": [
        1,
        9.31325e-10,
        -4.3368317154948353e-26,
        0,
        -9.31325e-10,
        1,
        -9.313250939242124e-17,
        0,
        -4.336831281811664e-26,
        9.31325000791703e-17,
        0.9999999,
        0,
        9.53674e-7,
        0.3937008,
        0,
        1
      ],
      "name": "group_16.001",
      "mesh": 44
    },
    {
      "matrix": [
        1,
        9.31325e-10,
        -4.3368317154948353e-26,
        0,
        -9.31325e-10,
        1,
        -9.313250939242124e-17,
        0,
        -4.336831281811664e-26,
        9.31325000791703e-17,
        0.9999999,
        0,
        9.53674e-7,
        0.3937008,
        0,
        1
      ],
      "name": "group_16.002",
      "mesh": 45
    },
    {
      "matrix": [
        1,
        9.31325e-10,
        -4.3368317154948353e-26,
        0,
        -9.31325e-10,
        1,
        -9.313250939242124e-17,
        0,
        -4.336831281811664e-26,
        9.31325000791703e-17,
        0.9999999,
        0,
        9.53674e-7,
        0.3937008,
        0,
        1
      ],
      "name": "group_16.003",
      "mesh": 46
    },
    {
      "matrix": [
        1,
        9.31325e-10,
        -4.3368317154948353e-26,
        0,
        -9.31325e-10,
        1,
        -9.313250939242124e-17,
        0,
        -4.336831281811664e-26,
        9.31325000791703e-17,
        0.9999999,
        0,
        9.53674e-7,
        0.3937008,
        0,
        1
      ],
      "name": "group_16.004",
      "mesh": 47
    },
    {
      "matrix": [
        1,
        9.31325e-10,
        -4.3368317154948353e-26,
        0,
        -9.31325e-10,
        1,
        -9.313250939242124e-17,
        0,
        -4.336831281811664e-26,
        9.31325000791703e-17,
        0.9999999,
        0,
        9.53674e-7,
        0.3937008,
        0,
        1
      ],
      "name": "group_16.005",
      "mesh": 48
    },
    {
      "matrix": [
        1,
        9.31325e-10,
        -4.3368317154948353e-26,
        0,
        -9.31325e-10,
        1,
        -9.313250939242124e-17,
        0,
        -4.336831281811664e-26,
        9.31325000791703e-17,
        0.9999999,
        0,
        9.53674e-7,
        0.3937008,
        0,
        1
      ],
      "name": "group_16.006",
      "mesh": 49
    },
    {
      "matrix": [
        1,
        9.31325e-10,
        -4.3368317154948353e-26,
        0,
        -9.31325e-10,
        1,
        -9.313250939242124e-17,
        0,
        -4.336831281811664e-26,
        9.31325000791703e-17,
        0.9999999,
        0,
        9.53674e-7,
        0.3937008,
        0,
        1
      ],
      "name": "group_16.007",
      "mesh": 50
    },
    {
      "matrix": [
        1,
        9.31325e-10,
        -4.3368317154948353e-26,
        0,
        -9.31325e-10,
        1,
        -9.313250939242124e-17,
        0,
        -4.336831281811664e-26,
        9.31325000791703e-17,
        0.9999999,
        0,
        9.53674e-7,
        0.3937008,
        0,
        1
      ],
      "name": "group_16.008",
      "mesh": 51
    },
    {
      "matrix": [
        1,
        9.31325e-10,
        -4.3368317154948353e-26,
        0,
        -9.31325e-10,
        1,
        -9.313250939242124e-17,
        0,
        -4.336831281811664e-26,
        9.31325000791703e-17,
        0.9999999,
        0,
        9.53674e-7,
        0.3937008,
        0,
        1
      ],
      "name": "group_16.009",
      "mesh": 52
    },
    {
      "matrix": [
        1,
        9.31325e-10,
        -4.3368317154948353e-26,
        0,
        -9.31325e-10,
        1,
        -9.313250939242124e-17,
        0,
        -4.336831281811664e-26,
        9.31325000791703e-17,
        0.9999999,
        0,
        9.53674e-7,
        0.3937008,
        0,
        1
      ],
      "name": "group_16.010",
      "mesh": 53
    },
    {
      "matrix": [
        1,
        9.31325e-10,
        -4.3368317154948353e-26,
        0,
        -9.31325e-10,
        1,
        -9.313250939242124e-17,
        0,
        -4.336831281811664e-26,
        9.31325000791703e-17,
        0.9999999,
        0,
        9.53674e-7,
        0.3937008,
        0,
        1
      ],
      "name": "group_16.011",
      "mesh": 54
    },
    {
      "matrix": [
        1,
        9.31325e-10,
        -4.3368317154948353e-26,
        0,
        -9.31325e-10,
        1,
        -9.313250939242124e-17,
        0,
        -4.336831281811664e-26,
        9.31325000791703e-17,
        0.9999999,
        0,
        9.53674e-7,
        0.3937008,
        0,
        1
      ],
      "name": "group_16.012",
      "mesh": 55
    },
    {
      "matrix": [
        1,
        9.31325e-10,
        -4.3368317154948353e-26,
        0,
        -9.31325e-10,
        1,
        -9.313250939242124e-17,
        0,
        -4.336831281811664e-26,
        9.31325000791703e-17,
        0.9999999,
        0,
        9.53674e-7,
        0.3937008,
        0,
        1
      ],
      "name": "group_16.013",
      "mesh": 56
    },
    {
      "matrix": [
        1,
        9.31325e-10,
        -4.3368317154948353e-26,
        0,
        -9.31325e-10,
        1,
        -9.313250939242124e-17,
        0,
        -4.336831281811664e-26,
        9.31325000791703e-17,
        0.9999999,
        0,
        9.53674e-7,
        0.3937008,
        0,
        1
      ],
      "name": "group_16.014",
      "mesh": 57
    },
    {
      "matrix": [
        1,
        9.31325e-10,
        -4.3368317154948353e-26,
        0,
        -9.31325e-10,
        1,
        -9.313250939242124e-17,
        0,
        -4.336831281811664e-26,
        9.31325000791703e-17,
        0.9999999,
        0,
        9.53674e-7,
        0.3937008,
        0,
        1
      ],
      "name": "group_16.015",
      "mesh": 58
    },
    {
      "matrix": [
        1,
        9.31325e-10,
        -4.3368317154948353e-26,
        0,
        -9.31325e-10,
        1,
        -9.313250939242124e-17,
        0,
        -4.336831281811664e-26,
        9.31325000791703e-17,
        0.9999999,
        0,
        9.53674e-7,
        0.3937008,
        0,
        1
      ],
      "name": "group_16.016",
      "mesh": 59
    },
    {
      "matrix": [
        1,
        9.31325e-10,
        -4.3368317154948353e-26,
        0,
        -9.31325e-10,
        1,
        -9.313250939242124e-17,
        0,
        -4.336831281811664e-26,
        9.31325000791703e-17,
        0.9999999,
        0,
        9.53674e-7,
        0.3937008,
        0,
        1
      ],
      "name": "group_16.017",
      "mesh": 60
    },
    {
      "matrix": [
        1,
        9.31325e-10,
        -4.3368317154948353e-26,
        0,
        -9.31325e-10,
        1,
        -9.313250939242124e-17,
        0,
        -4.336831281811664e-26,
        9.31325000791703e-17,
        0.9999999,
        0,
        9.53674e-7,
        0.3937008,
        0,
        1
      ],
      "name": "group_16.018",
      "mesh": 61
    },
    {
      "matrix": [
        1,
        9.31325e-10,
        -4.3368317154948353e-26,
        0,
        -9.31325e-10,
        1,
        -9.313250939242124e-17,
        0,
        -4.336831281811664e-26,
        9.31325000791703e-17,
        0.9999999,
        0,
        9.53674e-7,
        0.3937008,
        0,
        1
      ],
      "name": "group_16.019",
      "mesh": 62
    },
    {
      "matrix": [
        1,
        9.31325e-10,
        -4.3368317154948353e-26,
        0,
        -9.31325e-10,
        1,
        -9.313250939242124e-17,
        0,
        -4.336831281811664e-26,
        9.31325000791703e-17,
        0.9999999,
        0,
        9.53674e-7,
        0.3937008,
        0,
        1
      ],
      "name": "group_16.020",
      "mesh": 63
    },
    {
      "matrix": [
        1,
        9.31325e-10,
        -4.3368317154948353e-26,
        0,
        -9.31325e-10,
        1,
        -9.313250939242124e-17,
        0,
        -4.336831281811664e-26,
        9.31325000791703e-17,
        0.9999999,
        0,
        9.53674e-7,
        0.3937008,
        0,
        1
      ],
      "name": "group_16.021",
      "mesh": 64
    },
    {
      "matrix": [
        1,
        9.31325e-10,
        -4.3368317154948353e-26,
        0,
        -9.31325e-10,
        1,
        -9.313250939242124e-17,
        0,
        -4.336831281811664e-26,
        9.31325000791703e-17,
        0.9999999,
        0,
        9.53674e-7,
        0.3937008,
        0,
        1
      ],
      "name": "group_16.022",
      "mesh": 65
    },
    {
      "matrix": [
        1,
        9.31325e-10,
        -4.3368317154948353e-26,
        0,
        -9.31325e-10,
        1,
        -9.313250939242124e-17,
        0,
        -4.336831281811664e-26,
        9.31325000791703e-17,
        0.9999999,
        0,
        9.53674e-7,
        0.3937008,
        0,
        1
      ],
      "name": "group_16.023",
      "mesh": 66
    },
    {
      "matrix": [
        1,
        9.31325e-10,
        -4.3368317154948353e-26,
        0,
        -9.31325e-10,
        1,
        -9.313250939242124e-17,
        0,
        -4.336831281811664e-26,
        9.31325000791703e-17,
        0.9999999,
        0,
        9.53674e-7,
        0.3937008,
        0,
        1
      ],
      "name": "group_16.024",
      "mesh": 67
    },
    {
      "matrix": [
        1,
        9.31325e-10,
        -4.3368317154948353e-26,
        0,
        -9.31325e-10,
        1,
        -9.313250939242124e-17,
        0,
        -4.336831281811664e-26,
        9.31325000791703e-17,
        0.9999999,
        0,
        9.53674e-7,
        0.3937008,
        0,
        1
      ],
      "name": "group_16.025",
      "mesh": 68
    },
    {
      "matrix": [
        1,
        9.31325e-10,
        -4.3368317154948353e-26,
        0,
        -9.31325e-10,
        1,
        -9.313250939242124e-17,
        0,
        -4.336831281811664e-26,
        9.31325000791703e-17,
        0.9999999,
        0,
        9.53674e-7,
        0.3937008,
        0,
        1
      ],
      "name": "group_16.026",
      "mesh": 69
    },
    {
      "matrix": [
        0.9739957150668221,
        -0.226433336122552,
        0.007753583631940555,
        0,
        0.2265649638774627,
        0.9735288852459031,
        -0.030168076352414173,
        0,
        -0.0007172793680599797,
        0.031140263647585063,
        0.9995146998666965,
        0,
        4.053311,
        -3.965065,
        0.2429008,
        1
      ],
      "name": "group_13",
      "children": [
        34,
        35,
        36,
        37,
        38,
        39,
        40,
        41,
        42,
        43,
        44,
        45,
        46,
        47,
        48,
        49,
        50,
        51,
        52,
        53,
        54,
        55,
        56,
        57,
        58,
        59,
        60,
        61,
        62,
        63,
        64,
        65,
        66,
        67,
        68,
        69,
        70
      ]
    },
    {
      "matrix": [
        1,
        9.31325e-10,
        -4.3368317154948353e-26,
        0,
        -9.31325e-10,
        1,
        -9.313250939242124e-17,
        0,
        -4.336831281811664e-26,
        9.31325000791703e-17,
        0.9999999,
        0,
        0.2952752,
        1.668733,
        1.668735,
        1
      ],
      "name": "group_21",
      "mesh": 70
    },
    {
      "matrix": [
        1,
        9.31325e-10,
        -4.3368317154948353e-26,
        0,
        -9.31325e-10,
        1,
        -9.313250939242124e-17,
        0,
        -4.336831281811664e-26,
        9.31325000791703e-17,
        0.9999999,
        0,
        0.2952752,
        1.668733,
        1.668735,
        1
      ],
      "name": "group_21.001",
      "mesh": 71
    },
    {
      "matrix": [
        1,
        3.5155176033503676e-24,
        -1.5388177155558144e-31,
        0,
        3.515517603350381e-24,
        -1.0000000000000002,
        8.754430437721544e-8,
        0,
        1.5388175616740487e-31,
        -8.7544295622785e-8,
        -0.9999999000000003,
        0,
        -4.76837e-7,
        0.1968505,
        0.1968513,
        1
      ],
      "name": "group_22",
      "mesh": 72
    },
    {
      "matrix": [
        1,
        3.5155176033503676e-24,
        -1.5388177155558144e-31,
        0,
        3.515517603350381e-24,
        -1.0000000000000002,
        8.754430437721544e-8,
        0,
        1.5388175616740487e-31,
        -8.7544295622785e-8,
        -0.9999999000000003,
        0,
        -4.76837e-7,
        0.1968505,
        0.1968513,
        1
      ],
      "name": "group_22.001",
      "mesh": 73
    },
    {
      "matrix": [
        1,
        9.31325e-10,
        9.313251509212363e-10,
        0,
        -9.313249068675123e-10,
        -1.620499920960525e-7,
        0.9999999000000002,
        0,
        9.313251509212485e-10,
        -1,
        -1.6205000830105332e-7,
        0,
        0.2952752,
        0.1968504,
        1.668733,
        1
      ],
      "name": "group_23",
      "mesh": 74
    },
    {
      "matrix": [
        1,
        9.31325e-10,
        9.313251509212363e-10,
        0,
        -9.313249068675123e-10,
        -1.620499920960525e-7,
        0.9999999000000002,
        0,
        9.313251509212485e-10,
        -1,
        -1.6205000830105332e-7,
        0,
        0.2952752,
        0.1968504,
        1.668733,
        1
      ],
      "name": "group_23.001",
      "mesh": 75
    },
    {
      "matrix": [
        1,
        9.31325e-10,
        -9.313251509212363e-10,
        0,
        -9.313249068675123e-10,
        -1.620499920960525e-7,
        -0.9999999000000002,
        0,
        -9.313251509212485e-10,
        1,
        -1.6205000830105332e-7,
        0,
        0,
        1.668733,
        0.1968513,
        1
      ],
      "name": "group_24",
      "mesh": 76
    },
    {
      "matrix": [
        1,
        9.31325e-10,
        -9.313251509212363e-10,
        0,
        -9.313249068675123e-10,
        -1.620499920960525e-7,
        -0.9999999000000002,
        0,
        -9.313251509212485e-10,
        1,
        -1.6205000830105332e-7,
        0,
        0,
        1.668733,
        0.1968513,
        1
      ],
      "name": "group_24.001",
      "mesh": 77
    },
    {
      "matrix": [
        1,
        9.31325e-10,
        -4.3368317154948353e-26,
        0,
        -9.31325e-10,
        1,
        -9.313250939242124e-17,
        0,
        -4.336831281811664e-26,
        9.31325000791703e-17,
        0.9999999,
        0,
        0.8661408,
        0.3573659,
        0.3573666,
        1
      ],
      "name": "group_20",
      "children": [
        72,
        73,
        74,
        75,
        76,
        77,
        78,
        79
      ]
    },
    {
      "matrix": [
        1,
        9.31325e-10,
        -4.3368317154948353e-26,
        0,
        -9.31325e-10,
        1,
        -9.313250939242124e-17,
        0,
        -4.336831281811664e-26,
        9.31325000791703e-17,
        0.9999999,
        0,
        -9.53674e-7,
        2.98023e-8,
        4.76837e-7,
        1
      ],
      "name": "group_25",
      "mesh": 78
    },
    {
      "matrix": [
        1,
        9.31325e-10,
        -4.3368317154948353e-26,
        0,
        -9.31325e-10,
        1,
        -9.313250939242124e-17,
        0,
        -4.336831281811664e-26,
        9.31325000791703e-17,
        0.9999999,
        0,
        -9.53674e-7,
        2.98023e-8,
        4.76837e-7,
        1
      ],
      "name": "group_25.001",
      "mesh": 79
    },
    {
      "matrix": [
        1,
        9.31325e-10,
        -4.3368317154948353e-26,
        0,
        -9.31325e-10,
        1,
        -9.313250939242124e-17,
        0,
        -4.336831281811664e-26,
        9.31325000791703e-17,
        0.9999999,
        0,
        -9.53674e-7,
        2.98023e-8,
        4.76837e-7,
        1
      ],
      "name": "group_25.002",
      "mesh": 80
    },
    {
      "matrix": [
        1,
        9.31325e-10,
        -4.3368317154948353e-26,
        0,
        -9.31325e-10,
        1,
        -9.313250939242124e-17,
        0,
        -4.336831281811664e-26,
        9.31325000791703e-17,
        0.9999999,
        0,
        -9.53674e-7,
        2.98023e-8,
        4.76837e-7,
        1
      ],
      "name": "group_25.003",
      "mesh": 81
    },
    {
      "matrix": [
        1,
        9.31325e-10,
        -4.3368317154948353e-26,
        0,
        -9.31325e-10,
        1,
        -9.313250939242124e-17,
        0,
        -4.336831281811664e-26,
        9.31325000791703e-17,
        0.9999999,
        0,
        -9.53674e-7,
        2.98023e-8,
        4.76837e-7,
        1
      ],
      "name": "group_25.004",
      "mesh": 82
    },
    {
      "matrix": [
        1,
        9.31325e-10,
        -4.3368317154948353e-26,
        0,
        -9.31325e-10,
        1,
        -9.313250939242124e-17,
        0,
        -4.336831281811664e-26,
        9.31325000791703e-17,
        0.9999999,
        0,
        -9.53674e-7,
        2.98023e-8,
        4.76837e-7,
        1
      ],
      "name": "group_25.005",
      "mesh": 83
    },
    {
      "matrix": [
        1,
        9.31325e-10,
        -4.3368317154948353e-26,
        0,
        -9.31325e-10,
        1,
        -9.313250939242124e-17,
        0,
        -4.336831281811664e-26,
        9.31325000791703e-17,
        0.9999999,
        0,
        -9.53674e-7,
        2.98023e-8,
        4.76837e-7,
        1
      ],
      "name": "group_25.006",
      "mesh": 84
    },
    {
      "matrix": [
        1,
        9.31325e-10,
        -4.3368317154948353e-26,
        0,
        -9.31325e-10,
        1,
        -9.313250939242124e-17,
        0,
        -4.336831281811664e-26,
        9.31325000791703e-17,
        0.9999999,
        0,
        -9.53674e-7,
        2.98023e-8,
        4.76837e-7,
        1
      ],
      "name": "group_25.007",
      "mesh": 85
    },
    {
      "matrix": [
        1,
        9.31325e-10,
        -4.3368317154948353e-26,
        0,
        -9.31325e-10,
        1,
        -9.313250939242124e-17,
        0,
        -4.336831281811664e-26,
        9.31325000791703e-17,
        0.9999999,
        0,
        -9.53674e-7,
        2.98023e-8,
        4.76837e-7,
        1
      ],
      "name": "group_25.008",
      "mesh": 86
    },
    {
      "matrix": [
        1,
        9.31325e-10,
        -4.3368317154948353e-26,
        0,
        -9.31325e-10,
        1,
        -9.313250939242124e-17,
        0,
        -4.336831281811664e-26,
        9.31325000791703e-17,
        0.9999999,
        0,
        -9.53674e-7,
        2.98023e-8,
        4.76837e-7,
        1
      ],
      "name": "group_25.009",
      "mesh": 87
    },
    {
      "matrix": [
        1,
        9.31325e-10,
        -4.3368317154948353e-26,
        0,
        -9.31325e-10,
        1,
        -9.313250939242124e-17,
        0,
        -4.336831281811664e-26,
        9.31325000791703e-17,
        0.9999999,
        0,
        -9.53674e-7,
        2.98023e-8,
        4.76837e-7,
        1
      ],
      "name": "group_25.010",
      "mesh": 88
    },
    {
      "matrix": [
        1,
        9.31325e-10,
        -4.3368317154948353e-26,
        0,
        -9.31325e-10,
        1,
        -9.313250939242124e-17,
        0,
        -4.336831281811664e-26,
        9.31325000791703e-17,
        0.9999999,
        0,
        4.094487,
        2.98023e-8,
        0,
        1
      ],
      "name": "group_19",
      "children": [
        80,
        81,
        82,
        83,
        84,
        85,
        86,
        87,
        88,
        89,
        90,
        91
      ]
    },
    {
      "matrix": [
        1,
        9.31325e-10,
        -4.3368317154948353e-26,
        0,
        -9.31325e-10,
        1,
        -9.313250939242124e-17,
        0,
        -4.336831281811664e-26,
        9.31325000791703e-17,
        0.9999999,
        0,
        2.834646,
        0.1484252,
        0.1484251,
        1
      ],
      "name": "group_26",
      "mesh": 89
    },
    {
      "matrix": [
        1,
        9.31325e-10,
        -4.3368317154948353e-26,
        0,
        -9.31325e-10,
